image: roof_master.pgm
resolution: 0.050000
origin: [-7.270483, -5.025142, 0.000000]
negate: 0
occupied_thresh: 0.65
free_thresh: 0.196

