image: lab_coords.pgm
resolution: 0.050000
origin: [-4.094857, -7.353973, 0.000000]
negate: 0
occupied_thresh: 0.65
free_thresh: 0.196

