image: roof_coords1.pgm
resolution: 0.050000
origin: [-7.741537, -4.801030, 0.000000]
negate: 0
occupied_thresh: 0.65
free_thresh: 0.196

