image: bad_loop_closures.pgm
resolution: 0.050000
origin: [-6.218376, -4.671711, 0.000000]
negate: 0
occupied_thresh: 0.65
free_thresh: 0.196

