image: lab_master.pgm
resolution: 0.050000
origin: [-5.184860, -6.571429, 0.000000]
negate: 0
occupied_thresh: 0.65
free_thresh: 0.196

